5 0.308631
7 0.356548
15 0.131111
4 0.451823
6 0.426339
4 0.508966
3 0.392758
5 0.310774
13 0.182463
4 0.319866
9 0.155787
6 0.212525
4 0.475707
5 0.434821
3 0.418651
4 0.378497
15 0.134712
7 0.283631
5 0.340179
7 0.373958
12 0.221007
4 0.366890
5 0.475536
4 0.440290
8 0.372842
4 0.590885
3 0.565972
5 0.435476
11 0.175162
3 0.302778
3 0.494544
6 0.386607
9 0.200116
3 0.589583
4 0.509635
5 0.329137
3 0.574405
4 0.509375
4 0.534077
12 0.100335
4 0.646577
9 0.229530
5 0.442500
3 0.345784
5 0.467113
4 0.370982
5 0.368542
4 0.333854
9 0.349702
4 0.340439
5 0.486786
5 0.395238
4 0.488021
4 0.436086
5 0.512679
5 0.637500
12 0.244990
8 0.246484
6 0.263517
5 0.378125
5 0.306131
6 0.475248
4 0.622396
7 0.227487
5 0.259792
8 0.184189
9 0.196759
2 0.621875
11 0.322727
14 0.108588
5 0.558333
4 0.339137
4 0.546875
4 0.604167
4 0.466964
4 0.406808
3 0.433333
11 0.224188
5 0.664137
6 0.349306
4 0.476935
4 0.432031
3 0.395486
8 0.313858
3 0.511905
5 0.334524
3 0.697917
9 0.293634
6 0.296032
10 0.152009
4 0.654018
5 0.461667
6 0.361806
4 0.464583
5 0.407262
8 0.250298
10 0.182336
6 0.274082
8 0.186124
12 0.186396
