311.165 241
727.048 343
695.136 240
640.281 341
544.539 359
3761.9069999999997 1996
2686.7909999999997 1523
3405.833 1733
1132.96 437
1424.175 1033
335.101 249
3845.6769999999997 2123
2517.243 2053
2530.21 2563
274.265 180
1235.684 1149
8155.129000000001 2109
2132.783 1264
1716.899 992
677.687 329
2139.764 1069
3575.418 1438
3233.8269999999998 1667
879.6389999999999 433
3511.084 2136
393.944 333
81.22200000000001 65
1727.807 1149
5595.438 2011
2416.9559999999997 1593
3005.3740000000003 1709
1642.592 1089
645.2679999999999 256
105.73299999999999 121
298.199 303
3735.766 1793
2439.598 1618
577.5799999999999 338
4164.742 1618
3424.73 1508
160.56799999999998 269
6149.0419999999995 1997
368.012 411
2926.043 1849
3317.993 2353
2905.475 2046
4165.7339999999995 1996
315.154 307
517.61 197
2804.491 1913
949.451 684
452.784 461
190.489 162
2531.235 2033
2531.237 1948
163.561 157
6426.679 2221
632.304 293
3890.572 1667
547.44 283
2487.324 2493
2429.4790000000003 1919
29.919999999999998 33
3817.753 2003
323.13199999999995 319
4174.794000000001 1514
375.99100000000004 308
275.615 277
539.551 399
4361.648 1381
1087.083 464
1842.41 773
24.933 37
87.764 67
2621.318 1913
522.597 423
260.30199999999996 249
1298.515 1313
497.665 458
183.507 192
528.58 377
331.111 279
286.24399999999997 303
3580.4010000000003 1619
439.818 367
312.164 447
84.774 56
616.345 267
2936.637 2521
375.993 433
173.534 158
364.02299999999997 343
4240.138 1947
295.208 339
3864.654 1718
6312.09 1829
3346.53 1431
3834.223 1563
3691.605 1653
4187.274 2108
