4 0.381696 241 134
6 0.397569 343 230
7 0.280952 240 162
7 0.258185 341 154
6 0.421379 359 134
4 0.294568 1523 761
4 0.380766 1733 875
6 0.379588 437 270
7 0.286331 2109 1172
5 0.389673 1996 1410
4 0.339583 249 142
4 0.308073 2123 1036
4 0.319866 1033 521
4 0.299851 180 83
4 0.378497 1149 807
7 0.283631 1264 1034
5 0.373452 2053 1284
7 0.243580 992 678
5 0.431250 2563 1956
6 0.442907 1069 262
6 0.245089 1438 957
7 0.338542 329 137
6 0.298735 433 182
7 0.339753 1667 969
5 0.378274 2011 1139
4 0.424479 65 28
5 0.472708 333 127
7 0.312543 1149 677
8 0.367987 2136 1370
4 0.218713 1593 610
6 0.247272 1709 975
7 0.325425 1089 745
7 0.258185 256 141
5 0.329702 1793 737
7 0.292134 1997 1063
5 0.353750 121 93
5 0.408125 303 150
5 0.435595 1618 849
7 0.291815 338 227
6 0.431052 269 87
5 0.344643 1618 530
6 0.197197 1508 831
5 0.443750 411 211
5 0.357083 1996 1263
4 0.259338 1849 856
5 0.467827 2353 1332
4 0.361384 2046 976
8 0.371410 2221 1272
8 0.394531 197 110
4 0.329948 307 208
6 0.227951 1913 1052
5 0.492411 684 229
5 0.400446 461 236
5 0.377917 162 59
5 0.353750 293 156
6 0.429836 1948 1043
5 0.345476 2033 1163
7 0.443240 157 53
4 0.384338 1667 988
4 0.398103 2003 612
5 0.365625 283 80
6 0.238442 1514 797
5 0.502083 33 23
4 0.324740 319 178
6 0.475546 1919 850
6 0.254588 1381 928
5 0.354583 308 242
6 0.226240 773 445
4 0.310937 277 174
6 0.576042 399 153
5 0.306131 2493 1493
7 0.398810 464 196
5 0.483333 67 34
5 0.425000 37 17
4 0.397135 423 165
6 0.220139 249 134
6 0.556920 458 106
5 0.425417 192 142
5 0.376696 1913 1434
6 0.412450 1313 820
5 0.381548 377 231
5 0.340625 279 137
6 0.419866 1619 739
4 0.290625 303 196
5 0.310268 367 211
5 0.410417 56 39
7 0.312500 1947 1048
7 0.286947 1829 1076
5 0.334524 447 324
6 0.440451 267 131
5 0.520089 158 30
4 0.380022 433 153
6 0.378646 343 221
7 0.281994 1718 954
7 0.252976 2521 1745
5 0.363333 339 174
5 0.364911 1431 773
6 0.266419 1563 977
4 0.356622 1653 625
7 0.319537 2108 1188
