262.298 241
599.407 343
442.812 240
492.676 341
525.1120000000001 359
2772.097 1523
3056.3340000000003 1733
699.124 437
3236.848 2109
3830.256 1996
398.929 249
3208.9210000000003 2123
1955.7640000000001 1033
297.202 180
2436.457 1149
2756.6150000000002 1264
3978.884 2053
1844.5990000000002 992
4883.367 2563
1204.6760000000002 1069
3068.2239999999997 1438
587.423 329
589.418 433
3215.2799999999997 1667
3491.538 2011
44.879000000000005 65
405.90999999999997 333
1948.769 1149
3998.774 2136
2736.163 1593
3365.475 1709
1921.35 1089
405.912 256
2884.281 1793
3304.153 1997
220.408 121
505.643 303
3208.903 1618
648.26 338
237.363 269
2756.118 1618
3258.766 1508
536.559 411
4082.209 1996
3441.927 1849
4618.769 2353
3790.99 2046
4258.735 2221
276.25899999999996 197
515.615 307
4113.464 1913
933.494 684
729.043 461
240.35500000000002 162
745.001 293
3915.4900000000002 1948
4046.1400000000003 2033
183.508 157
3701.066 1667
3121.621 2003
486.696 283
3131.595 1514
29.919999999999998 33
435.829 319
3018.8959999999997 1919
3036.849 1381
611.359 308
1451.6109999999999 773
453.291 277
461.76099999999997 399
4106.485000000001 2493
702.115 464
71.80799999999999 67
25.930000000000003 37
577.451 423
375.99100000000004 249
448.796 458
347.068 192
3861.144 1913
2100.361 1313
581.4390000000001 377
347.069 279
2889.245 1619
585.441 303
736.0360000000001 367
60.837 56
3714.043 1947
3741.969 1829
1086.086 447
504.645 267
150.596 158
495.18800000000005 433
489.68600000000004 343
3417.358 1718
4600.183999999999 2521
479.71200000000005 339
2553.6530000000002 1431
2822.9289999999996 1563
2397.074 1653
3465.2090000000003 2108
