4 20 3.000000 10.000000 2 6.000000 2 1 2.000000 10.000000 2 6.000000 2 1 3.000000 10.000000 4 6.000000 2 1 0.000000 20.000000 6 12.000000 1 1 
4 20 0.000000 20.000000 7 12.000000 1 1 3.000000 20.000000 4 12.000000 1 1 1.000000 4.000000 3 2.000000 5 1 2.000000 10.000000 2 6.000000 2 1 
4 20 3.000000 20.000000 3 12.000000 1 1 1.000000 20.000000 8 12.000000 1 1 6.000000 20.000000 7 12.000000 1 1 3.000000 10.000000 1 6.000000 2 1 
4 20 1.000000 4.000000 2 2.000000 5 1 0.000000 4.000000 3 2.000000 5 1 2.000000 10.000000 1 6.000000 2 1 3.000000 10.000000 1 6.000000 2 1 
4 20 2.000000 20.000000 3 12.000000 1 1 0.000000 4.000000 2 2.000000 5 1 7.000000 20.000000 4 12.000000 1 1 3.000000 20.000000 4 12.000000 1 1 
4 20 4.000000 20.000000 3 12.000000 1 1 2.000000 10.000000 2 6.000000 2 1 1.000000 4.000000 3 2.000000 5 1 5.000000 20.000000 6 12.000000 1 1 
4 20 1.000000 10.000000 1 6.000000 2 1 1.000000 4.000000 2 2.000000 5 1 1.000000 4.000000 2 2.000000 5 1 1.000000 4.000000 1 2.000000 5 1 
4 20 6.000000 20.000000 24 12.000000 1 1 0.000000 10.000000 1 6.000000 2 1 1.000000 10.000000 2 6.000000 2 1 0.000000 4.000000 2 2.000000 5 1 
4 20 3.000000 10.000000 1 6.000000 2 1 2.000000 10.000000 2 6.000000 2 1 0.000000 20.000000 3 12.000000 1 1 1.000000 4.000000 3 2.000000 5 1 
4 20 7.000000 20.000000 2 12.000000 1 1 2.000000 20.000000 3 12.000000 1 1 0.000000 4.000000 1 2.000000 5 1 0.000000 4.000000 1 2.000000 5 1 
4 4 0.000000 4.000000 2 2.000000 1 1 0.000000 4.000000 3 2.000000 1 1 0.000000 4.000000 6 2.000000 1 1 0.000000 4.000000 3 2.000000 1 1 
4 20 0.000000 4.000000 1 2.000000 5 1 1.000000 4.000000 1 2.000000 5 1 2.000000 10.000000 1 6.000000 2 1 0.000000 4.000000 1 2.000000 5 1 
4 20 7.000000 20.000000 8 12.000000 1 1 0.000000 4.000000 3 2.000000 5 1 1.000000 4.000000 1 2.000000 5 1 3.000000 10.000000 2 6.000000 2 1 
4 20 0.000000 4.000000 1 2.000000 5 1 4.000000 20.000000 6 12.000000 1 1 1.000000 4.000000 1 2.000000 5 1 0.000000 10.000000 3 6.000000 2 1 
4 20 1.000000 4.000000 3 2.000000 5 1 5.000000 20.000000 3 12.000000 1 1 3.000000 10.000000 1 6.000000 2 1 1.000000 10.000000 3 6.000000 2 1 
4 20 0.000000 10.000000 1 6.000000 2 1 2.000000 10.000000 1 6.000000 2 1 2.000000 20.000000 7 12.000000 1 1 3.000000 20.000000 5 12.000000 1 1 
4 20 2.000000 10.000000 2 6.000000 2 1 0.000000 4.000000 8 2.000000 5 1 6.000000 20.000000 10 12.000000 1 1 1.000000 4.000000 4 2.000000 5 1 
4 20 0.000000 4.000000 3 2.000000 5 1 3.000000 10.000000 2 6.000000 2 1 2.000000 10.000000 2 6.000000 2 1 0.000000 4.000000 5 2.000000 5 1 
4 20 1.000000 4.000000 4 2.000000 5 1 7.000000 20.000000 7 12.000000 1 1 0.000000 4.000000 3 2.000000 5 1 0.000000 4.000000 2 2.000000 5 1 
4 20 5.000000 20.000000 6 12.000000 1 1 3.000000 10.000000 3 6.000000 2 1 0.000000 10.000000 1 6.000000 2 1 0.000000 4.000000 2 2.000000 5 1 
4 20 0.000000 10.000000 1 6.000000 2 1 0.000000 4.000000 3 2.000000 5 1 0.000000 4.000000 1 2.000000 5 1 0.000000 4.000000 1 2.000000 5 1 
4 20 2.000000 20.000000 6 12.000000 1 1 1.000000 4.000000 4 2.000000 5 1 0.000000 4.000000 2 2.000000 5 1 0.000000 4.000000 3 2.000000 5 1 
4 20 2.000000 20.000000 4 12.000000 1 1 0.000000 4.000000 5 2.000000 5 1 1.000000 10.000000 1 6.000000 2 1 1.000000 4.000000 1 2.000000 5 1 
4 20 3.000000 20.000000 5 12.000000 1 1 1.000000 20.000000 3 12.000000 1 1 5.000000 20.000000 7 12.000000 1 1 0.000000 10.000000 1 6.000000 2 1 
4 20 0.000000 4.000000 3 2.000000 5 1 0.000000 10.000000 1 6.000000 2 1 0.000000 10.000000 2 6.000000 2 1 1.000000 10.000000 1 6.000000 2 1 
4 20 0.000000 4.000000 4 2.000000 5 1 3.000000 20.000000 18 12.000000 1 1 1.000000 4.000000 1 2.000000 5 1 1.000000 10.000000 2 6.000000 2 1 
4 20 0.000000 10.000000 2 6.000000 2 1 1.000000 4.000000 4 2.000000 5 1 2.000000 10.000000 3 6.000000 2 1 1.000000 4.000000 3 2.000000 5 1 
4 20 1.000000 4.000000 8 2.000000 5 1 2.000000 20.000000 5 12.000000 1 1 0.000000 10.000000 1 6.000000 2 1 3.000000 20.000000 24 12.000000 1 1 
4 20 6.000000 20.000000 10 12.000000 1 1 2.000000 10.000000 2 6.000000 2 1 2.000000 20.000000 3 12.000000 1 1 5.000000 20.000000 8 12.000000 1 1 
4 20 6.000000 20.000000 3 12.000000 1 1 3.000000 10.000000 3 6.000000 2 1 6.000000 20.000000 6 12.000000 1 1 1.000000 4.000000 4 2.000000 5 1 
4 20 0.000000 4.000000 3 2.000000 5 1 1.000000 4.000000 4 2.000000 5 1 0.000000 20.000000 14 12.000000 1 1 1.000000 4.000000 2 2.000000 5 1 
4 20 6.000000 20.000000 14 12.000000 1 1 3.000000 10.000000 1 6.000000 2 1 4.000000 20.000000 5 12.000000 1 1 1.000000 4.000000 5 2.000000 5 1 
4 10 1.000000 10.000000 1 6.000000 1 1 2.000000 10.000000 1 6.000000 1 1 3.000000 10.000000 4 6.000000 1 1 0.000000 10.000000 1 6.000000 1 1 
4 20 6.000000 20.000000 14 12.000000 1 1 2.000000 20.000000 3 12.000000 1 1 0.000000 10.000000 2 6.000000 2 1 1.000000 10.000000 1 6.000000 2 1 
4 20 7.000000 20.000000 8 12.000000 1 1 1.000000 4.000000 3 2.000000 5 1 6.000000 20.000000 14 12.000000 1 1 0.000000 4.000000 4 2.000000 5 1 
4 20 2.000000 10.000000 2 6.000000 2 1 1.000000 4.000000 3 2.000000 5 1 0.000000 20.000000 7 12.000000 1 1 0.000000 20.000000 10 12.000000 1 1 
4 20 1.000000 4.000000 5 2.000000 5 1 3.000000 20.000000 10 12.000000 1 1 7.000000 20.000000 10 12.000000 1 1 3.000000 20.000000 4 12.000000 1 1 
4 20 1.000000 20.000000 3 12.000000 1 1 0.000000 4.000000 3 2.000000 5 1 1.000000 10.000000 1 6.000000 2 1 0.000000 4.000000 2 2.000000 5 1 
4 20 1.000000 4.000000 3 2.000000 5 1 0.000000 20.000000 7 12.000000 1 1 0.000000 4.000000 3 2.000000 5 1 2.000000 10.000000 1 6.000000 2 1 
4 20 0.000000 10.000000 1 6.000000 2 1 0.000000 4.000000 4 2.000000 5 1 1.000000 4.000000 3 2.000000 5 1 0.000000 4.000000 3 2.000000 5 1 
4 20 1.000000 4.000000 3 2.000000 5 1 1.000000 4.000000 3 2.000000 5 1 3.000000 10.000000 2 6.000000 2 1 0.000000 4.000000 3 2.000000 5 1 
4 20 5.000000 20.000000 10 12.000000 1 1 0.000000 10.000000 2 6.000000 2 1 7.000000 20.000000 5 12.000000 1 1 0.000000 4.000000 1 2.000000 5 1 
4 20 7.000000 20.000000 11 12.000000 1 1 3.000000 10.000000 3 6.000000 2 1 0.000000 4.000000 3 2.000000 5 1 1.000000 10.000000 4 6.000000 2 1 
4 20 1.000000 10.000000 1 6.000000 2 1 5.000000 20.000000 6 12.000000 1 1 1.000000 20.000000 8 12.000000 1 1 0.000000 10.000000 1 6.000000 2 1 
4 20 0.000000 4.000000 8 2.000000 5 1 2.000000 20.000000 6 12.000000 1 1 5.000000 20.000000 10 12.000000 1 1 0.000000 4.000000 1 2.000000 5 1 
4 20 7.000000 20.000000 4 12.000000 1 1 1.000000 4.000000 4 2.000000 5 1 1.000000 20.000000 3 12.000000 1 1 2.000000 10.000000 2 6.000000 2 1 
4 20 0.000000 4.000000 3 2.000000 5 1 2.000000 10.000000 1 6.000000 2 1 5.000000 20.000000 3 12.000000 1 1 0.000000 10.000000 3 6.000000 2 1 
4 20 1.000000 4.000000 1 2.000000 5 1 7.000000 20.000000 7 12.000000 1 1 0.000000 4.000000 1 2.000000 5 1 7.000000 20.000000 5 12.000000 1 1 
4 20 1.000000 4.000000 6 2.000000 5 1 0.000000 4.000000 3 2.000000 5 1 3.000000 10.000000 1 6.000000 2 1 3.000000 20.000000 6 12.000000 1 1 
4 20 0.000000 4.000000 3 2.000000 5 1 0.000000 10.000000 3 6.000000 2 1 6.000000 20.000000 2 12.000000 1 1 3.000000 20.000000 6 12.000000 1 1 
4 20 1.000000 4.000000 1 2.000000 5 1 0.000000 4.000000 3 2.000000 5 1 0.000000 4.000000 4 2.000000 5 1 3.000000 10.000000 2 6.000000 2 1 
4 20 1.000000 10.000000 1 6.000000 2 1 7.000000 20.000000 18 12.000000 1 1 1.000000 4.000000 2 2.000000 5 1 3.000000 20.000000 8 12.000000 1 1 
4 20 6.000000 20.000000 10 12.000000 1 1 0.000000 20.000000 18 12.000000 1 1 1.000000 4.000000 1 2.000000 5 1 0.000000 10.000000 2 6.000000 2 1 
4 20 1.000000 4.000000 1 2.000000 5 1 1.000000 4.000000 3 2.000000 5 1 4.000000 20.000000 3 12.000000 1 1 2.000000 20.000000 6 12.000000 1 1 
4 20 1.000000 10.000000 1 6.000000 2 1 1.000000 10.000000 1 6.000000 2 1 2.000000 20.000000 3 12.000000 1 1 6.000000 20.000000 3 12.000000 1 1 
4 20 2.000000 10.000000 2 6.000000 2 1 1.000000 10.000000 1 6.000000 2 1 0.000000 4.000000 3 2.000000 5 1 1.000000 4.000000 1 2.000000 5 1 
4 20 7.000000 20.000000 18 12.000000 1 1 1.000000 20.000000 8 12.000000 1 1 7.000000 20.000000 18 12.000000 1 1 1.000000 4.000000 1 2.000000 5 1 
4 20 7.000000 20.000000 3 12.000000 1 1 1.000000 10.000000 1 6.000000 2 1 2.000000 10.000000 2 6.000000 2 1 3.000000 10.000000 2 6.000000 2 1 
4 20 1.000000 4.000000 8 2.000000 5 1 6.000000 20.000000 7 12.000000 1 1 1.000000 4.000000 3 2.000000 5 1 0.000000 4.000000 2 2.000000 5 1 
4 20 1.000000 10.000000 1 6.000000 2 1 1.000000 4.000000 3 2.000000 5 1 1.000000 4.000000 1 2.000000 5 1 0.000000 4.000000 2 2.000000 5 1 
4 20 1.000000 20.000000 24 12.000000 1 1 2.000000 20.000000 7 12.000000 1 1 1.000000 4.000000 4 2.000000 5 1 1.000000 4.000000 2 2.000000 5 1 
4 20 0.000000 4.000000 3 2.000000 5 1 1.000000 4.000000 2 2.000000 5 1 1.000000 4.000000 3 2.000000 5 1 3.000000 20.000000 5 12.000000 1 1 
4 20 0.000000 10.000000 3 6.000000 2 1 7.000000 20.000000 4 12.000000 1 1 0.000000 4.000000 3 2.000000 5 1 0.000000 10.000000 1 6.000000 2 1 
4 20 7.000000 20.000000 8 12.000000 1 1 4.000000 20.000000 7 12.000000 1 1 3.000000 10.000000 2 6.000000 2 1 3.000000 10.000000 2 6.000000 2 1 
4 20 2.000000 10.000000 1 6.000000 2 1 0.000000 20.000000 5 12.000000 1 1 1.000000 4.000000 5 2.000000 5 1 0.000000 4.000000 5 2.000000 5 1 
4 20 0.000000 4.000000 3 2.000000 5 1 0.000000 10.000000 2 6.000000 2 1 2.000000 20.000000 7 12.000000 1 1 5.000000 20.000000 7 12.000000 1 1 
4 20 7.000000 20.000000 10 12.000000 1 1 0.000000 4.000000 4 2.000000 5 1 1.000000 4.000000 3 2.000000 5 1 1.000000 4.000000 1 2.000000 5 1 
4 20 4.000000 20.000000 5 12.000000 1 1 1.000000 10.000000 1 6.000000 2 1 4.000000 20.000000 18 12.000000 1 1 1.000000 4.000000 5 2.000000 5 1 
4 20 1.000000 10.000000 2 6.000000 2 1 2.000000 10.000000 1 6.000000 2 1 1.000000 20.000000 4 12.000000 1 1 3.000000 10.000000 4 6.000000 2 1 
4 4 0.000000 4.000000 6 2.000000 1 1 1.000000 4.000000 1 2.000000 1 1 1.000000 4.000000 3 2.000000 1 1 1.000000 4.000000 4 2.000000 1 1 
4 20 0.000000 4.000000 3 2.000000 5 1 0.000000 4.000000 3 2.000000 5 1 3.000000 10.000000 1 6.000000 2 1 2.000000 10.000000 2 6.000000 2 1 
4 20 1.000000 4.000000 2 2.000000 5 1 2.000000 20.000000 4 12.000000 1 1 6.000000 20.000000 10 12.000000 1 1 0.000000 10.000000 1 6.000000 2 1 
4 20 7.000000 20.000000 5 12.000000 1 1 0.000000 20.000000 7 12.000000 1 1 0.000000 4.000000 8 2.000000 5 1 1.000000 10.000000 1 6.000000 2 1 
4 20 0.000000 20.000000 10 12.000000 1 1 1.000000 10.000000 1 6.000000 2 1 6.000000 20.000000 3 12.000000 1 1 0.000000 20.000000 5 12.000000 1 1 
4 20 5.000000 20.000000 7 12.000000 1 1 6.000000 20.000000 7 12.000000 1 1 6.000000 20.000000 10 12.000000 1 1 3.000000 20.000000 5 12.000000 1 1 
4 20 2.000000 10.000000 1 6.000000 2 1 4.000000 20.000000 6 12.000000 1 1 1.000000 4.000000 2 2.000000 5 1 1.000000 4.000000 1 2.000000 5 1 
4 20 3.000000 20.000000 10 12.000000 1 1 2.000000 10.000000 2 6.000000 2 1 0.000000 4.000000 1 2.000000 5 1 4.000000 20.000000 7 12.000000 1 1 
4 20 5.000000 20.000000 5 12.000000 1 1 0.000000 4.000000 2 2.000000 5 1 1.000000 4.000000 2 2.000000 5 1 1.000000 4.000000 1 2.000000 5 1 
4 20 6.000000 20.000000 7 12.000000 1 1 6.000000 20.000000 7 12.000000 1 1 0.000000 10.000000 1 6.000000 2 1 0.000000 10.000000 3 6.000000 2 1 
4 20 7.000000 20.000000 24 12.000000 1 1 0.000000 20.000000 6 12.000000 1 1 1.000000 10.000000 1 6.000000 2 1 6.000000 20.000000 7 12.000000 1 1 
4 20 1.000000 20.000000 8 12.000000 1 1 1.000000 20.000000 8 12.000000 1 1 0.000000 20.000000 7 12.000000 1 1 1.000000 4.000000 3 2.000000 5 1 
4 20 2.000000 10.000000 2 6.000000 2 1 1.000000 20.000000 6 12.000000 1 1 3.000000 10.000000 1 6.000000 2 1 1.000000 4.000000 8 2.000000 5 1 
4 20 2.000000 20.000000 14 12.000000 1 1 3.000000 10.000000 1 6.000000 2 1 0.000000 10.000000 4 6.000000 2 1 5.000000 20.000000 7 12.000000 1 1 
4 20 1.000000 10.000000 1 6.000000 2 1 6.000000 20.000000 14 12.000000 1 1 0.000000 10.000000 1 6.000000 2 1 1.000000 4.000000 2 2.000000 5 1 
4 20 3.000000 10.000000 1 6.000000 2 1 0.000000 20.000000 24 12.000000 1 1 0.000000 4.000000 1 2.000000 5 1 7.000000 20.000000 4 12.000000 1 1 
4 20 0.000000 4.000000 2 2.000000 5 1 0.000000 10.000000 1 6.000000 2 1 3.000000 10.000000 1 6.000000 2 1 1.000000 20.000000 7 12.000000 1 1 
4 20 7.000000 20.000000 5 12.000000 1 1 1.000000 4.000000 3 2.000000 5 1 0.000000 10.000000 1 6.000000 2 1 1.000000 4.000000 4 2.000000 5 1 
4 20 2.000000 20.000000 7 12.000000 1 1 2.000000 10.000000 1 6.000000 2 1 0.000000 4.000000 3 2.000000 5 1 2.000000 10.000000 1 6.000000 2 1 
4 20 1.000000 4.000000 4 2.000000 5 1 2.000000 20.000000 5 12.000000 1 1 1.000000 4.000000 3 2.000000 5 1 1.000000 20.000000 11 12.000000 1 1 
4 20 5.000000 20.000000 8 12.000000 1 1 7.000000 20.000000 3 12.000000 1 1 0.000000 4.000000 2 2.000000 5 1 3.000000 10.000000 1 6.000000 2 1 
4 20 3.000000 20.000000 7 12.000000 1 1 6.000000 20.000000 10 12.000000 1 1 0.000000 4.000000 1 2.000000 5 1 1.000000 10.000000 1 6.000000 2 1 
4 20 7.000000 20.000000 10 12.000000 1 1 0.000000 4.000000 2 2.000000 5 1 3.000000 20.000000 10 12.000000 1 1 0.000000 4.000000 1 2.000000 5 1 
4 20 3.000000 10.000000 2 6.000000 2 1 0.000000 20.000000 3 12.000000 1 1 7.000000 20.000000 7 12.000000 1 1 2.000000 20.000000 10 12.000000 1 1 
4 20 1.000000 10.000000 2 6.000000 2 1 1.000000 10.000000 2 6.000000 2 1 2.000000 10.000000 1 6.000000 2 1 0.000000 4.000000 3 2.000000 5 1 
4 20 5.000000 20.000000 7 12.000000 1 1 7.000000 20.000000 3 12.000000 1 1 1.000000 4.000000 6 2.000000 5 1 4.000000 20.000000 3 12.000000 1 1 
4 20 0.000000 10.000000 1 6.000000 2 1 0.000000 4.000000 4 2.000000 5 1 2.000000 10.000000 4 6.000000 2 1 1.000000 10.000000 1 6.000000 2 1 
4 20 1.000000 10.000000 2 6.000000 2 1 1.000000 4.000000 1 2.000000 5 1 0.000000 4.000000 3 2.000000 5 1 0.000000 4.000000 6 2.000000 5 1 
4 20 1.000000 20.000000 18 12.000000 1 1 1.000000 4.000000 2 2.000000 5 1 0.000000 4.000000 3 2.000000 5 1 1.000000 4.000000 1 2.000000 5 1 
4 20 1.000000 4.000000 1 2.000000 5 1 1.000000 4.000000 8 2.000000 5 1 7.000000 20.000000 4 12.000000 1 1 7.000000 20.000000 5 12.000000 1 1 
4 20 2.000000 10.000000 1 6.000000 2 1 3.000000 10.000000 1 6.000000 2 1 2.000000 20.000000 7 12.000000 1 1 0.000000 20.000000 8 12.000000 1 1 
4 20 1.000000 4.000000 2 2.000000 5 1 2.000000 10.000000 4 6.000000 2 1 1.000000 20.000000 24 12.000000 1 1 1.000000 10.000000 1 6.000000 2 1 
4 20 1.000000 10.000000 2 6.000000 2 1 4.000000 20.000000 11 12.000000 1 1 2.000000 10.000000 2 6.000000 2 1 0.000000 10.000000 3 6.000000 2 1 
4 20 0.000000 4.000000 4 2.000000 5 1 0.000000 4.000000 6 2.000000 5 1 1.000000 10.000000 1 6.000000 2 1 3.000000 10.000000 2 6.000000 2 1 
4 20 3.000000 20.000000 4 12.000000 1 1 1.000000 4.000000 3 2.000000 5 1 4.000000 20.000000 4 12.000000 1 1 0.000000 20.000000 7 12.000000 1 1 
4 20 0.000000 4.000000 1 2.000000 5 1 1.000000 4.000000 1 2.000000 5 1 1.000000 4.000000 2 2.000000 5 1 5.000000 20.000000 3 12.000000 1 1 
4 20 2.000000 10.000000 4 6.000000 2 1 0.000000 4.000000 2 2.000000 5 1 1.000000 10.000000 2 6.000000 2 1 0.000000 4.000000 1 2.000000 5 1 
4 20 0.000000 4.000000 2 2.000000 5 1 6.000000 20.000000 10 12.000000 1 1 1.000000 4.000000 1 2.000000 5 1 7.000000 20.000000 6 12.000000 1 1 
4 20 1.000000 4.000000 2 2.000000 5 1 1.000000 20.000000 7 12.000000 1 1 0.000000 4.000000 1 2.000000 5 1 2.000000 10.000000 2 6.000000 2 1 
4 20 1.000000 4.000000 3 2.000000 5 1 0.000000 4.000000 3 2.000000 5 1 1.000000 4.000000 1 2.000000 5 1 1.000000 20.000000 6 12.000000 1 1 
4 20 0.000000 4.000000 1 2.000000 5 1 3.000000 20.000000 7 12.000000 1 1 1.000000 4.000000 3 2.000000 5 1 7.000000 20.000000 10 12.000000 1 1 
4 20 1.000000 4.000000 1 2.000000 5 1 0.000000 10.000000 1 6.000000 2 1 0.000000 20.000000 10 12.000000 1 1 2.000000 10.000000 1 6.000000 2 1 
4 20 1.000000 4.000000 4 2.000000 5 1 2.000000 20.000000 3 12.000000 1 1 0.000000 4.000000 8 2.000000 5 1 0.000000 4.000000 2 2.000000 5 1 
4 20 0.000000 20.000000 7 12.000000 1 1 2.000000 10.000000 1 6.000000 2 1 7.000000 20.000000 2 12.000000 1 1 1.000000 4.000000 3 2.000000 5 1 
4 20 1.000000 4.000000 1 2.000000 5 1 2.000000 20.000000 3 12.000000 1 1 0.000000 20.000000 7 12.000000 1 1 1.000000 4.000000 4 2.000000 5 1 
4 20 0.000000 20.000000 14 12.000000 1 1 1.000000 4.000000 2 2.000000 5 1 0.000000 10.000000 1 6.000000 2 1 1.000000 4.000000 2 2.000000 5 1 
4 20 0.000000 4.000000 3 2.000000 5 1 0.000000 10.000000 2 6.000000 2 1 0.000000 4.000000 6 2.000000 5 1 3.000000 10.000000 2 6.000000 2 1 
4 20 3.000000 10.000000 1 6.000000 2 1 1.000000 20.000000 24 12.000000 1 1 1.000000 4.000000 1 2.000000 5 1 1.000000 4.000000 8 2.000000 5 1 
4 20 2.000000 20.000000 10 12.000000 1 1 2.000000 10.000000 2 6.000000 2 1 1.000000 4.000000 1 2.000000 5 1 0.000000 4.000000 1 2.000000 5 1 
4 20 1.000000 20.000000 6 12.000000 1 1 0.000000 4.000000 1 2.000000 5 1 4.000000 20.000000 7 12.000000 1 1 3.000000 20.000000 7 12.000000 1 1 
4 20 0.000000 4.000000 4 2.000000 5 1 1.000000 4.000000 3 2.000000 5 1 0.000000 4.000000 3 2.000000 5 1 4.000000 20.000000 7 12.000000 1 1 
4 20 0.000000 4.000000 2 2.000000 5 1 3.000000 10.000000 1 6.000000 2 1 0.000000 4.000000 3 2.000000 5 1 5.000000 20.000000 3 12.000000 1 1 
4 20 1.000000 10.000000 3 6.000000 2 1 0.000000 4.000000 1 2.000000 5 1 0.000000 10.000000 3 6.000000 2 1 6.000000 20.000000 11 12.000000 1 1 
4 20 1.000000 10.000000 2 6.000000 2 1 3.000000 10.000000 2 6.000000 2 1 3.000000 20.000000 3 12.000000 1 1 6.000000 20.000000 5 12.000000 1 1 
4 20 7.000000 20.000000 3 12.000000 1 1 0.000000 4.000000 2 2.000000 5 1 1.000000 4.000000 1 2.000000 5 1 6.000000 20.000000 4 12.000000 1 1 
4 20 1.000000 10.000000 1 6.000000 2 1 1.000000 4.000000 1 2.000000 5 1 0.000000 4.000000 3 2.000000 5 1 3.000000 10.000000 1 6.000000 2 1 
4 20 2.000000 10.000000 1 6.000000 2 1 2.000000 20.000000 6 12.000000 1 1 1.000000 4.000000 5 2.000000 5 1 0.000000 20.000000 4 12.000000 1 1 
4 20 0.000000 20.000000 3 12.000000 1 1 1.000000 10.000000 1 6.000000 2 1 2.000000 10.000000 1 6.000000 2 1 3.000000 10.000000 2 6.000000 2 1 
4 20 0.000000 20.000000 3 12.000000 1 1 0.000000 4.000000 2 2.000000 5 1 0.000000 4.000000 3 2.000000 5 1 0.000000 10.000000 1 6.000000 2 1 
4 10 1.000000 10.000000 1 6.000000 1 1 2.000000 10.000000 1 6.000000 1 1 3.000000 10.000000 1 6.000000 1 1 3.000000 10.000000 1 6.000000 1 1 
4 20 0.000000 4.000000 3 2.000000 5 1 4.000000 20.000000 18 12.000000 1 1 2.000000 10.000000 1 6.000000 2 1 3.000000 10.000000 2 6.000000 2 1 
4 20 1.000000 4.000000 3 2.000000 5 1 4.000000 20.000000 7 12.000000 1 1 0.000000 4.000000 1 2.000000 5 1 4.000000 20.000000 5 12.000000 1 1 
4 20 2.000000 20.000000 5 12.000000 1 1 0.000000 4.000000 2 2.000000 5 1 3.000000 10.000000 1 6.000000 2 1 2.000000 10.000000 2 6.000000 2 1 
4 20 0.000000 4.000000 3 2.000000 5 1 0.000000 4.000000 2 2.000000 5 1 3.000000 10.000000 2 6.000000 2 1 1.000000 4.000000 1 2.000000 5 1 
4 20 0.000000 4.000000 1 2.000000 5 1 1.000000 4.000000 3 2.000000 5 1 2.000000 10.000000 3 6.000000 2 1 1.000000 10.000000 4 6.000000 2 1 
4 20 5.000000 20.000000 14 12.000000 1 1 2.000000 20.000000 4 12.000000 1 1 2.000000 20.000000 14 12.000000 1 1 1.000000 10.000000 3 6.000000 2 1 
4 20 1.000000 10.000000 1 6.000000 2 1 1.000000 20.000000 7 12.000000 1 1 1.000000 4.000000 1 2.000000 5 1 7.000000 20.000000 8 12.000000 1 1 
4 4 0.000000 4.000000 5 2.000000 1 1 0.000000 4.000000 2 2.000000 1 1 0.000000 4.000000 8 2.000000 1 1 0.000000 4.000000 5 2.000000 1 1 
4 20 4.000000 20.000000 7 12.000000 1 1 6.000000 20.000000 4 12.000000 1 1 4.000000 20.000000 7 12.000000 1 1 1.000000 4.000000 5 2.000000 5 1 
4 20 7.000000 20.000000 14 12.000000 1 1 0.000000 10.000000 2 6.000000 2 1 7.000000 20.000000 4 12.000000 1 1 0.000000 20.000000 4 12.000000 1 1 
4 20 5.000000 20.000000 14 12.000000 1 1 3.000000 20.000000 3 12.000000 1 1 6.000000 20.000000 10 12.000000 1 1 1.000000 20.000000 6 12.000000 1 1 
4 20 0.000000 10.000000 2 6.000000 2 1 5.000000 20.000000 3 12.000000 1 1 2.000000 10.000000 1 6.000000 2 1 2.000000 10.000000 1 6.000000 2 1 
4 20 0.000000 20.000000 5 12.000000 1 1 3.000000 10.000000 1 6.000000 2 1 1.000000 4.000000 3 2.000000 5 1 5.000000 20.000000 7 12.000000 1 1 
4 20 2.000000 20.000000 14 12.000000 1 1 7.000000 20.000000 7 12.000000 1 1 0.000000 4.000000 2 2.000000 5 1 1.000000 10.000000 2 6.000000 2 1 
4 20 1.000000 20.000000 5 12.000000 1 1 5.000000 20.000000 3 12.000000 1 1 1.000000 4.000000 2 2.000000 5 1 1.000000 4.000000 8 2.000000 5 1 
4 20 2.000000 10.000000 2 6.000000 2 1 1.000000 4.000000 6 2.000000 5 1 2.000000 10.000000 2 6.000000 2 1 2.000000 10.000000 1 6.000000 2 1 
4 20 1.000000 4.000000 1 2.000000 5 1 0.000000 20.000000 14 12.000000 1 1 6.000000 20.000000 3 12.000000 1 1 2.000000 10.000000 4 6.000000 2 1 
4 20 4.000000 20.000000 7 12.000000 1 1 5.000000 20.000000 24 12.000000 1 1 0.000000 20.000000 4 12.000000 1 1 2.000000 20.000000 6 12.000000 1 1 
4 20 1.000000 10.000000 2 6.000000 2 1 1.000000 10.000000 1 6.000000 2 1 0.000000 10.000000 1 6.000000 2 1 0.000000 4.000000 8 2.000000 5 1 
4 20 5.000000 20.000000 7 12.000000 1 1 1.000000 4.000000 3 2.000000 5 1 1.000000 10.000000 1 6.000000 2 1 4.000000 20.000000 2 12.000000 1 1 
4 20 2.000000 10.000000 1 6.000000 2 1 0.000000 4.000000 1 2.000000 5 1 0.000000 4.000000 4 2.000000 5 1 1.000000 4.000000 3 2.000000 5 1 
4 20 3.000000 10.000000 1 6.000000 2 1 2.000000 10.000000 3 6.000000 2 1 0.000000 4.000000 5 2.000000 5 1 4.000000 20.000000 3 12.000000 1 1 
4 20 1.000000 20.000000 6 12.000000 1 1 0.000000 4.000000 3 2.000000 5 1 1.000000 4.000000 3 2.000000 5 1 3.000000 10.000000 2 6.000000 2 1 
4 20 1.000000 4.000000 1 2.000000 5 1 1.000000 4.000000 4 2.000000 5 1 3.000000 10.000000 1 6.000000 2 1 0.000000 20.000000 4 12.000000 1 1 
4 20 0.000000 4.000000 1 2.000000 5 1 2.000000 20.000000 5 12.000000 1 1 0.000000 10.000000 2 6.000000 2 1 0.000000 4.000000 1 2.000000 5 1 
4 20 0.000000 4.000000 2 2.000000 5 1 5.000000 20.000000 24 12.000000 1 1 6.000000 20.000000 3 12.000000 1 1 2.000000 10.000000 4 6.000000 2 1 
4 20 3.000000 10.000000 2 6.000000 2 1 1.000000 20.000000 24 12.000000 1 1 1.000000 4.000000 5 2.000000 5 1 1.000000 4.000000 3 2.000000 5 1 
4 20 2.000000 10.000000 2 6.000000 2 1 0.000000 4.000000 1 2.000000 5 1 0.000000 4.000000 2 2.000000 5 1 5.000000 20.000000 8 12.000000 1 1 
4 20 1.000000 10.000000 2 6.000000 2 1 6.000000 20.000000 7 12.000000 1 1 6.000000 20.000000 7 12.000000 1 1 3.000000 10.000000 1 6.000000 2 1 
4 20 0.000000 4.000000 1 2.000000 5 1 0.000000 4.000000 1 2.000000 5 1 1.000000 10.000000 2 6.000000 2 1 1.000000 10.000000 4 6.000000 2 1 
4 20 0.000000 20.000000 7 12.000000 1 1 7.000000 20.000000 24 12.000000 1 1 0.000000 4.000000 2 2.000000 5 1 1.000000 10.000000 2 6.000000 2 1 
4 20 5.000000 20.000000 7 12.000000 1 1 0.000000 4.000000 2 2.000000 5 1 1.000000 20.000000 7 12.000000 1 1 3.000000 10.000000 2 6.000000 2 1 
4 20 2.000000 10.000000 1 6.000000 2 1 3.000000 10.000000 3 6.000000 2 1 1.000000 10.000000 2 6.000000 2 1 0.000000 4.000000 4 2.000000 5 1 
4 20 1.000000 4.000000 2 2.000000 5 1 4.000000 20.000000 7 12.000000 1 1 2.000000 20.000000 10 12.000000 1 1 0.000000 10.000000 1 6.000000 2 1 
4 20 1.000000 10.000000 1 6.000000 2 1 0.000000 20.000000 7 12.000000 1 1 1.000000 10.000000 2 6.000000 2 1 1.000000 10.000000 2 6.000000 2 1 
4 20 1.000000 20.000000 2 12.000000 1 1 6.000000 20.000000 24 12.000000 1 1 0.000000 4.000000 1 2.000000 5 1 0.000000 10.000000 1 6.000000 2 1 
4 20 0.000000 20.000000 5 12.000000 1 1 0.000000 4.000000 1 2.000000 5 1 1.000000 10.000000 4 6.000000 2 1 0.000000 4.000000 1 2.000000 5 1 
4 20 1.000000 20.000000 24 12.000000 1 1 2.000000 10.000000 2 6.000000 2 1 4.000000 20.000000 3 12.000000 1 1 0.000000 4.000000 5 2.000000 5 1 
4 20 2.000000 10.000000 1 6.000000 2 1 6.000000 20.000000 24 12.000000 1 1 2.000000 10.000000 4 6.000000 2 1 2.000000 10.000000 1 6.000000 2 1 
4 20 0.000000 20.000000 3 12.000000 1 1 0.000000 20.000000 8 12.000000 1 1 1.000000 4.000000 2 2.000000 5 1 6.000000 20.000000 3 12.000000 1 1 
4 20 6.000000 20.000000 3 12.000000 1 1 4.000000 20.000000 14 12.000000 1 1 4.000000 20.000000 7 12.000000 1 1 0.000000 10.000000 2 6.000000 2 1 
4 20 1.000000 4.000000 3 2.000000 5 1 4.000000 20.000000 3 12.000000 1 1 4.000000 20.000000 8 12.000000 1 1 0.000000 4.000000 2 2.000000 5 1 
4 20 0.000000 10.000000 2 6.000000 2 1 1.000000 20.000000 3 12.000000 1 1 1.000000 4.000000 5 2.000000 5 1 1.000000 4.000000 1 2.000000 5 1 
4 20 1.000000 20.000000 6 12.000000 1 1 0.000000 10.000000 1 6.000000 2 1 1.000000 4.000000 2 2.000000 5 1 1.000000 4.000000 8 2.000000 5 1 
4 20 1.000000 4.000000 2 2.000000 5 1 7.000000 20.000000 7 12.000000 1 1 0.000000 20.000000 6 12.000000 1 1 6.000000 20.000000 11 12.000000 1 1 
4 20 6.000000 20.000000 7 12.000000 1 1 0.000000 20.000000 7 12.000000 1 1 3.000000 10.000000 1 6.000000 2 1 4.000000 20.000000 18 12.000000 1 1 
4 20 0.000000 10.000000 2 6.000000 2 1 0.000000 10.000000 1 6.000000 2 1 0.000000 10.000000 1 6.000000 2 1 0.000000 4.000000 5 2.000000 5 1 
4 20 1.000000 4.000000 2 2.000000 5 1 0.000000 10.000000 2 6.000000 2 1 1.000000 10.000000 1 6.000000 2 1 0.000000 4.000000 2 2.000000 5 1 
4 10 0.000000 10.000000 2 6.000000 1 1 0.000000 10.000000 1 6.000000 1 1 1.000000 10.000000 2 6.000000 1 1 0.000000 10.000000 1 6.000000 1 1 
4 20 0.000000 10.000000 1 6.000000 2 1 1.000000 10.000000 3 6.000000 2 1 0.000000 20.000000 3 12.000000 1 1 1.000000 4.000000 8 2.000000 5 1 
4 20 1.000000 10.000000 2 6.000000 2 1 1.000000 4.000000 3 2.000000 5 1 6.000000 20.000000 6 12.000000 1 1 7.000000 20.000000 6 12.000000 1 1 
4 20 1.000000 4.000000 3 2.000000 5 1 0.000000 10.000000 3 6.000000 2 1 6.000000 20.000000 3 12.000000 1 1 4.000000 20.000000 4 12.000000 1 1 
4 20 1.000000 10.000000 1 6.000000 2 1 1.000000 4.000000 2 2.000000 5 1 4.000000 20.000000 8 12.000000 1 1 1.000000 10.000000 2 6.000000 2 1 
4 20 0.000000 20.000000 8 12.000000 1 1 0.000000 4.000000 1 2.000000 5 1 4.000000 20.000000 7 12.000000 1 1 1.000000 4.000000 3 2.000000 5 1 
4 20 2.000000 10.000000 1 6.000000 2 1 1.000000 10.000000 4 6.000000 2 1 7.000000 20.000000 7 12.000000 1 1 1.000000 10.000000 2 6.000000 2 1 
4 20 0.000000 20.000000 11 12.000000 1 1 6.000000 20.000000 3 12.000000 1 1 1.000000 4.000000 2 2.000000 5 1 5.000000 20.000000 14 12.000000 1 1 
4 20 7.000000 20.000000 18 12.000000 1 1 0.000000 4.000000 4 2.000000 5 1 0.000000 4.000000 3 2.000000 5 1 0.000000 10.000000 1 6.000000 2 1 
4 20 6.000000 20.000000 7 12.000000 1 1 7.000000 20.000000 24 12.000000 1 1 1.000000 10.000000 1 6.000000 2 1 6.000000 20.000000 3 12.000000 1 1 
4 20 1.000000 4.000000 3 2.000000 5 1 2.000000 20.000000 7 12.000000 1 1 2.000000 10.000000 2 6.000000 2 1 3.000000 10.000000 1 6.000000 2 1 
4 20 7.000000 20.000000 8 12.000000 1 1 2.000000 20.000000 5 12.000000 1 1 2.000000 10.000000 2 6.000000 2 1 1.000000 10.000000 1 6.000000 2 1 
4 20 0.000000 20.000000 24 12.000000 1 1 2.000000 10.000000 2 6.000000 2 1 1.000000 4.000000 5 2.000000 5 1 3.000000 10.000000 1 6.000000 2 1 
4 20 6.000000 20.000000 14 12.000000 1 1 0.000000 10.000000 2 6.000000 2 1 2.000000 10.000000 2 6.000000 2 1 1.000000 10.000000 2 6.000000 2 1 
4 20 0.000000 10.000000 1 6.000000 2 1 1.000000 4.000000 3 2.000000 5 1 4.000000 20.000000 8 12.000000 1 1 0.000000 4.000000 1 2.000000 5 1 
4 20 4.000000 20.000000 10 12.000000 1 1 0.000000 20.000000 10 12.000000 1 1 1.000000 10.000000 2 6.000000 2 1 0.000000 4.000000 1 2.000000 5 1 
4 20 0.000000 10.000000 3 6.000000 2 1 5.000000 20.000000 18 12.000000 1 1 2.000000 10.000000 2 6.000000 2 1 7.000000 20.000000 24 12.000000 1 1 
4 20 2.000000 10.000000 1 6.000000 2 1 0.000000 4.000000 1 2.000000 5 1 0.000000 20.000000 7 12.000000 1 1 0.000000 4.000000 1 2.000000 5 1 
4 20 1.000000 4.000000 8 2.000000 5 1 3.000000 20.000000 7 12.000000 1 1 0.000000 10.000000 2 6.000000 2 1 6.000000 20.000000 5 12.000000 1 1 
4 20 7.000000 20.000000 7 12.000000 1 1 0.000000 4.000000 1 2.000000 5 1 2.000000 20.000000 10 12.000000 1 1 2.000000 10.000000 2 6.000000 2 1 
4 20 0.000000 4.000000 2 2.000000 5 1 1.000000 4.000000 4 2.000000 5 1 2.000000 20.000000 4 12.000000 1 1 5.000000 20.000000 4 12.000000 1 1 
4 20 3.000000 10.000000 1 6.000000 2 1 1.000000 20.000000 8 12.000000 1 1 0.000000 10.000000 2 6.000000 2 1 2.000000 10.000000 1 6.000000 2 1 
4 20 3.000000 10.000000 2 6.000000 2 1 3.000000 20.000000 5 12.000000 1 1 0.000000 4.000000 2 2.000000 5 1 0.000000 4.000000 2 2.000000 5 1 
