10 960 8 64 2 53 15 3 4 32 8 27 30 3 0 24 25 23 40 5 1 24 4 21 40 3 1 16 2 14 60 3 0 16 3 14 60 3 3 32 5 25 30 3 0 48 6 45 20 3 1 40 2 37 24 3 0 40 10 39 24 5 
10 672 0 16 4 15 42 3 0 24 7 22 28 3 2 32 5 27 21 3 3 48 3 43 14 3 3 48 7 38 14 3 2 56 7 50 12 3 1 56 9 45 12 3 3 24 3 20 28 3 3 24 2 20 28 3 1 16 2 14 42 3 
10 6720 0 40 2 35 168 3 1 24 7 22 280 3 0 24 7 21 280 3 0 40 6 39 168 3 1 16 7 12 420 3 2 56 2 46 120 3 3 64 15 51 105 5 1 40 5 35 168 3 0 56 17 52 120 5 1 24 2 19 280 3 
10 6720 2 48 10 41 140 3 0 32 5 31 210 3 10 64 3 52 105 3 4 40 2 33 168 3 0 48 7 47 140 3 3 16 4 12 420 3 1 56 10 52 120 3 0 40 25 39 168 5 0 16 3 13 420 3 8 64 6 54 105 3 
10 6720 1 16 3 12 420 3 3 48 4 43 140 3 5 40 4 34 168 3 2 56 8 52 120 3 2 64 5 60 105 3 7 56 3 47 120 3 1 24 13 19 280 5 4 56 2 49 120 3 0 48 10 46 140 5 7 56 5 46 120 3 
10 6720 0 56 7 55 120 3 5 48 2 42 140 3 1 56 5 53 120 3 4 32 5 26 210 3 3 56 9 52 120 3 4 32 5 27 210 3 3 40 6 36 168 3 8 64 4 54 105 3 4 56 8 50 120 3 3 32 3 25 210 3 
10 960 0 32 2 29 30 3 0 40 8 39 24 5 3 24 7 20 40 3 3 40 20 35 24 5 5 64 2 58 15 3 1 40 4 38 24 3 5 40 7 33 24 3 3 40 8 35 24 3 2 64 14 56 15 3 0 48 9 46 20 3 
10 1344 8 64 5 54 21 3 2 24 13 20 56 3 1 56 9 54 24 3 1 48 7 46 28 3 7 56 5 46 24 3 1 48 3 41 28 3 2 48 2 44 28 3 0 16 9 14 84 5 2 56 3 52 24 3 3 56 4 50 24 3 
10 6720 3 24 3 19 280 3 1 16 3 13 420 3 3 48 5 42 140 3 0 32 3 29 210 3 0 16 2 15 420 3 1 40 7 34 168 3 0 56 6 53 120 3 3 56 8 52 120 3 4 64 3 57 105 3 0 48 6 41 140 3 
10 1344 0 16 10 15 84 3 4 48 4 43 28 3 8 56 7 46 24 3 4 48 10 42 28 3 2 64 7 61 21 3 4 32 25 27 42 5 0 56 7 51 24 3 1 24 4 20 56 3 1 56 3 53 24 3 4 48 11 43 28 5 
10 1344 2 48 2 42 28 3 0 24 5 23 56 3 3 64 23 59 21 5 1 56 7 54 24 3 1 24 11 22 56 5 4 32 2 26 42 3 1 24 16 22 56 5 0 24 4 23 56 3 3 32 3 27 42 3 1 24 2 22 56 3 
10 6720 5 56 5 46 120 3 0 48 3 47 140 3 0 16 2 15 420 3 0 40 4 39 168 3 1 56 5 52 120 3 2 16 3 13 420 3 5 32 25 26 210 5 4 32 4 27 210 3 0 64 17 56 105 5 8 48 2 39 140 3 
10 3360 4 24 3 19 140 3 0 16 4 15 210 3 8 56 2 45 60 3 1 40 3 35 84 3 4 32 2 26 105 3 1 32 6 30 105 3 0 48 10 46 70 3 0 32 5 28 105 3 4 40 3 34 84 3 3 48 5 39 70 3 
10 6720 1 64 6 52 105 3 0 24 9 23 280 3 2 24 7 20 280 3 4 56 7 50 120 3 3 24 5 20 280 3 0 16 3 13 420 3 3 24 3 19 280 3 5 40 20 34 168 5 2 32 4 25 210 3 0 16 2 12 420 3 
10 960 12 64 9 51 15 3 3 64 3 57 15 3 3 40 7 34 24 3 4 48 14 38 20 3 1 32 3 25 30 3 0 48 4 46 20 3 4 32 6 26 30 3 6 64 4 51 15 3 1 16 3 14 60 3 0 48 4 46 20 3 
10 3360 6 48 3 41 70 3 0 32 4 26 105 3 4 32 13 26 105 5 1 40 4 32 84 3 3 24 6 20 140 3 4 48 2 43 70 3 3 56 14 52 60 5 2 16 3 13 210 3 0 16 7 15 210 3 0 16 2 13 210 3 
10 3360 3 56 4 48 60 3 5 56 6 48 60 3 2 24 2 21 140 3 1 24 5 21 140 3 3 48 6 42 70 3 3 40 3 33 84 3 2 48 3 43 70 3 1 16 2 14 210 3 0 16 3 14 210 3 2 32 15 28 105 3 
10 672 0 48 4 38 14 3 0 48 3 43 14 3 0 32 2 31 21 3 3 56 10 48 12 3 0 48 6 46 14 3 5 32 2 26 21 3 2 16 4 13 42 3 0 48 3 41 14 3 0 48 7 47 14 3 1 48 8 41 14 3 
10 3360 1 56 8 54 60 3 1 32 5 25 105 3 0 40 4 39 84 3 2 40 8 35 84 5 0 16 2 13 210 3 5 56 23 50 60 5 4 40 8 33 84 3 5 32 2 26 105 3 0 24 6 23 140 3 9 56 3 46 60 3 
10 6720 0 56 3 53 120 3 0 24 4 23 280 3 1 64 5 62 105 3 1 40 4 38 168 3 0 56 17 52 120 5 1 32 3 30 210 3 0 64 24 63 105 5 0 56 7 46 120 3 6 64 9 53 105 5 2 64 2 58 105 3 
10 6720 7 56 10 44 120 3 1 40 3 38 168 3 1 32 3 28 210 3 7 64 6 54 105 3 5 40 3 34 168 3 0 24 18 23 280 5 1 24 5 19 280 3 0 56 2 54 120 3 0 48 6 46 140 3 1 16 4 14 420 3 
10 6720 1 40 3 36 168 3 7 48 8 39 140 3 7 40 8 32 168 3 0 40 6 34 168 3 0 64 2 60 105 3 1 24 17 21 280 5 2 48 21 44 140 5 4 40 14 35 168 5 0 32 6 31 210 3 1 56 4 44 120 3 
10 3360 0 16 9 13 210 3 2 40 4 36 84 3 0 56 10 49 60 5 1 32 6 27 105 3 0 56 6 55 60 3 2 48 4 42 70 3 1 32 2 27 105 3 2 32 9 29 105 3 1 56 5 49 60 3 0 16 16 15 210 5 
10 6720 5 48 6 41 140 3 0 16 5 15 420 3 3 64 2 59 105 3 2 16 14 13 420 5 3 32 19 26 210 5 4 40 5 34 168 3 3 64 7 59 105 3 1 24 16 22 280 5 2 40 2 36 168 3 2 56 3 46 120 3 
10 960 3 40 10 36 24 3 5 48 5 38 20 3 2 64 14 51 15 5 1 16 8 13 60 3 6 64 3 51 15 3 1 48 3 45 20 3 10 64 17 53 15 5 0 16 3 15 60 3 3 24 7 19 40 3 0 16 7 13 60 3 
10 1344 3 32 7 27 42 3 1 32 8 28 42 3 0 16 4 14 84 3 1 32 6 30 42 3 3 64 11 60 21 5 4 56 10 51 24 3 0 48 6 47 28 3 0 32 5 26 42 3 1 56 2 54 24 3 1 16 3 14 84 3 
10 3360 1 40 4 34 84 3 1 16 4 14 210 3 0 32 2 31 105 3 0 24 9 20 140 3 1 32 5 30 105 3 1 56 10 54 60 5 1 24 9 19 140 5 1 24 4 21 140 3 1 32 13 30 105 3 6 56 6 46 60 3 
10 6720 2 64 2 61 105 3 0 48 2 45 140 3 3 48 6 40 140 3 0 40 2 33 168 3 0 16 4 13 420 3 3 48 10 44 140 5 0 40 12 38 168 3 7 40 16 32 168 5 1 56 2 53 120 3 0 48 2 43 140 3 
10 6720 4 56 5 50 120 3 0 24 3 20 280 3 3 48 5 44 140 3 3 48 7 42 140 3 0 56 2 53 120 3 0 40 3 39 168 3 2 56 2 49 120 3 4 56 4 51 120 3 3 64 7 54 105 3 1 24 2 22 280 3 
10 960 0 16 4 15 60 3 0 48 4 46 20 3 0 24 11 22 40 5 3 32 7 28 30 3 1 24 6 21 40 3 0 48 3 47 20 3 4 64 5 58 15 3 0 40 4 39 24 3 5 40 2 32 24 3 0 16 13 13 60 5 
10 192 2 16 5 13 12 3 1 24 2 20 8 3 3 48 11 41 4 3 3 48 5 39 4 3 0 24 4 23 8 3 2 64 2 61 3 3 2 16 7 12 12 3 5 48 3 41 4 3 0 32 2 29 6 3 0 48 10 38 4 3 
10 6720 1 40 13 38 168 5 4 64 6 57 105 3 4 24 7 19 280 3 1 40 7 32 168 3 0 56 2 55 120 3 1 24 6 19 280 3 1 40 6 37 168 3 7 56 6 44 120 3 5 40 7 33 168 3 0 16 7 15 420 3 
10 6720 2 24 6 21 280 3 2 64 8 58 105 3 0 16 6 15 420 3 2 48 3 43 140 3 8 56 6 47 120 3 6 64 6 53 105 3 0 40 8 35 168 3 0 64 7 63 105 3 0 32 9 30 210 3 0 48 2 43 140 3 
10 3360 0 24 5 23 140 3 4 56 6 49 60 3 3 24 11 20 140 5 2 40 6 34 84 3 3 48 3 44 70 3 3 32 16 25 105 5 1 24 4 22 140 3 0 24 10 23 140 3 0 48 6 46 70 3 0 24 2 23 140 3 
10 6720 0 32 2 27 210 3 2 48 7 44 140 3 2 64 3 55 105 3 1 56 6 52 120 3 0 64 12 56 105 3 0 40 2 38 168 3 2 64 3 59 105 3 0 64 6 61 105 3 1 16 20 12 420 5 1 48 7 41 140 3 
10 6720 3 32 4 28 210 3 0 24 4 23 280 3 11 64 2 52 105 3 0 56 4 52 120 3 3 48 5 43 140 3 0 56 12 55 120 5 3 48 4 42 140 3 0 64 9 53 105 3 1 56 4 54 120 3 1 40 7 32 168 3 
10 6720 4 64 2 56 105 3 1 48 6 43 140 3 0 48 4 47 140 3 4 48 12 43 140 5 1 16 14 14 420 3 0 48 3 45 140 3 2 56 2 52 120 3 1 40 5 35 168 3 1 48 5 41 140 3 1 64 2 62 105 3 
10 960 0 40 8 33 24 3 1 24 7 22 40 3 0 40 9 37 24 3 0 40 7 36 24 3 1 32 4 29 30 3 1 32 7 30 30 3 6 64 5 52 15 3 6 32 6 25 30 3 0 40 7 38 24 3 3 64 8 58 15 5 
10 320 3 32 12 28 10 5 0 16 2 13 20 3 2 64 4 61 5 3 5 64 3 51 5 3 1 16 5 13 20 3 6 64 11 57 5 3 1 40 6 37 8 3 0 16 2 15 20 3 0 40 6 39 8 3 0 16 4 13 20 3 
10 960 1 48 4 46 20 3 1 16 14 14 60 3 0 64 5 63 15 3 1 24 2 21 40 3 1 40 7 35 24 3 3 32 4 26 30 3 4 40 6 33 24 3 1 32 11 26 30 3 2 32 2 27 30 3 0 32 2 31 30 3 
10 960 0 64 5 63 15 3 0 40 14 39 24 5 0 24 8 21 40 3 3 48 2 40 20 3 0 48 6 47 20 3 1 64 11 62 15 5 0 16 2 15 60 3 3 40 5 35 24 3 0 16 8 14 60 3 3 16 3 12 60 3 
10 6720 0 16 5 14 420 3 0 48 7 47 140 3 6 56 7 49 120 3 10 64 16 51 105 5 2 48 9 45 140 3 1 16 3 14 420 3 1 40 6 36 168 3 5 32 4 26 210 3 6 64 3 56 105 3 2 40 10 37 168 3 
10 6720 0 48 11 46 140 3 1 48 14 45 140 5 0 56 8 53 120 3 1 40 5 36 168 3 2 24 6 21 280 3 0 16 4 14 420 3 0 24 2 22 280 3 0 24 4 23 280 3 2 64 3 58 105 3 0 16 12 12 420 5 
10 672 0 16 12 15 42 3 0 24 6 23 28 3 0 16 10 12 42 3 3 56 9 51 12 3 6 48 3 41 14 3 0 32 4 30 21 3 0 24 3 23 28 3 1 16 4 14 42 3 5 56 4 47 12 3 4 24 4 19 28 3 
10 6720 0 64 4 54 105 3 5 40 6 32 168 3 0 40 2 39 168 3 0 24 2 23 280 3 3 56 6 45 120 3 0 40 4 36 168 3 4 32 5 27 210 3 2 16 4 13 420 3 2 64 2 60 105 3 0 64 3 61 105 3 
10 6720 0 24 7 23 280 3 2 56 5 52 120 3 1 32 2 25 210 3 0 56 4 53 120 3 1 40 10 32 168 5 2 40 2 33 168 3 0 32 22 25 210 5 0 64 12 57 105 5 0 16 13 13 420 5 2 16 7 13 420 3 
10 6720 1 16 2 12 420 3 0 56 3 44 120 3 1 16 3 14 420 3 4 64 4 59 105 3 11 64 4 51 105 3 7 56 7 46 120 3 0 40 5 39 168 3 0 24 7 19 280 3 1 48 10 41 140 5 0 40 8 38 168 3 
10 1120 1 16 2 14 70 3 1 32 3 25 35 3 5 32 7 25 35 3 6 56 3 47 20 3 3 40 7 32 28 3 3 32 2 25 35 3 4 40 4 34 28 3 2 16 3 13 70 3 0 16 18 15 70 5 3 56 4 51 20 3 
10 6720 3 48 2 43 140 3 2 56 12 51 120 5 1 64 5 55 105 3 1 16 4 14 420 3 3 48 3 41 140 3 1 40 2 35 168 3 0 32 7 31 210 3 3 32 8 26 210 3 2 56 4 53 120 3 1 24 3 22 280 3 
10 6720 2 32 21 29 210 5 0 40 4 38 168 3 0 64 8 60 105 3 2 16 4 13 420 3 0 48 2 46 140 3 2 16 3 13 420 3 0 56 5 51 120 3 3 32 6 28 210 3 3 56 2 50 120 3 6 56 3 45 120 3 
10 6720 9 56 2 44 120 3 1 40 2 35 168 3 1 56 4 48 120 3 7 64 4 56 105 3 0 16 17 13 420 5 1 32 4 27 210 3 0 64 20 63 105 5 1 32 3 30 210 3 2 24 6 19 280 3 0 32 13 29 210 5 
10 672 2 48 3 44 14 3 0 56 17 53 12 5 0 24 8 22 28 3 0 16 19 15 42 5 0 32 7 31 21 3 5 48 21 42 14 5 3 56 12 51 12 3 2 48 6 43 14 3 3 56 2 49 12 3 1 24 4 22 28 3 
10 960 7 40 3 32 24 3 2 32 2 29 30 3 0 64 5 62 15 3 1 32 4 30 30 3 6 40 6 32 24 3 0 48 13 47 20 5 0 24 5 22 40 3 0 16 2 14 60 3 6 40 4 33 24 3 0 24 3 23 40 3 
10 2240 0 40 5 36 56 3 0 64 12 59 35 5 1 40 8 36 56 3 1 64 2 61 35 3 1 16 20 14 140 5 7 56 4 44 40 3 1 32 3 28 70 3 7 40 5 32 56 3 2 16 4 13 140 3 1 40 4 35 56 3 
10 6720 2 40 4 34 168 3 2 48 12 44 140 3 0 48 3 41 140 3 6 64 5 56 105 3 2 40 4 33 168 3 2 32 14 28 210 5 0 24 3 20 280 3 0 40 4 39 168 3 0 40 7 39 168 3 0 56 6 54 120 3 
10 1344 2 32 4 28 42 3 4 56 13 46 24 5 0 16 7 14 84 3 2 16 2 12 84 3 5 32 5 25 42 3 0 48 7 47 28 3 1 16 7 14 84 3 3 48 3 38 28 3 2 64 6 60 21 3 3 56 9 44 24 3 
10 480 1 16 9 12 30 3 0 48 8 40 10 3 1 48 9 42 10 5 1 32 3 28 15 3 0 16 5 14 30 3 3 24 5 20 20 3 2 48 5 44 10 3 3 32 2 26 15 3 3 40 6 34 12 3 0 48 2 42 10 3 
10 6720 1 16 5 12 420 3 4 64 6 57 105 3 0 64 9 59 105 3 2 24 6 19 280 3 7 64 2 53 105 3 0 48 5 47 140 3 0 40 2 38 168 3 0 16 5 13 420 3 0 56 12 48 120 5 3 48 4 39 140 3 
10 6720 5 64 6 58 105 3 0 64 16 60 105 5 0 40 4 38 168 3 2 56 8 51 120 5 2 48 2 38 140 3 5 48 8 42 140 3 1 40 9 36 168 3 2 24 6 19 280 3 2 56 2 45 120 3 3 40 5 35 168 3 
10 960 0 48 5 44 20 3 0 24 7 19 40 3 0 24 7 20 40 3 0 40 7 36 24 3 6 64 2 52 15 3 0 40 5 33 24 3 0 64 2 58 15 3 1 24 7 20 40 3 4 64 7 59 15 3 0 16 5 13 60 3 
10 448 0 16 7 14 28 3 0 56 13 52 8 3 0 16 21 15 28 5 8 64 10 54 7 5 3 56 3 50 8 3 4 64 7 54 7 3 1 56 3 50 8 3 2 64 7 51 7 3 0 16 6 13 28 3 0 16 2 13 28 3 
10 6720 1 32 9 28 210 3 1 16 2 13 420 3 0 16 5 15 420 3 2 32 3 27 210 3 2 64 2 60 105 3 0 24 5 22 280 3 0 24 2 23 280 3 4 40 2 35 168 3 4 24 7 19 280 3 7 56 3 44 120 3 
10 6720 6 32 2 25 210 3 7 64 2 54 105 3 1 40 9 32 168 3 2 24 12 19 280 3 1 40 4 35 168 3 1 56 3 52 120 3 0 48 10 40 140 3 0 48 7 45 140 3 0 16 22 12 420 5 1 40 6 38 168 3 
10 6720 3 40 5 36 168 3 0 40 7 34 168 3 0 56 2 52 120 3 0 64 13 52 105 5 3 64 8 57 105 3 0 64 3 63 105 3 1 24 7 21 280 3 1 64 4 56 105 3 2 64 4 51 105 3 0 56 22 44 120 5 
10 960 0 40 6 39 24 3 1 64 7 56 15 3 1 32 3 28 30 3 1 24 10 21 40 5 0 40 4 39 24 3 3 64 11 57 15 3 3 24 6 20 40 3 6 64 5 54 15 3 2 24 6 20 40 3 0 24 5 22 40 3 
10 960 1 64 14 61 15 5 1 64 2 53 15 3 1 64 3 59 15 3 3 24 4 19 40 3 0 48 4 46 20 3 1 24 2 21 40 3 1 16 4 14 60 3 5 32 7 25 30 3 2 40 3 37 24 3 0 16 2 14 60 3 
10 96 0 32 3 31 3 3 0 48 10 43 2 3 2 48 2 45 2 3 1 16 11 14 6 3 1 32 3 30 3 3 1 16 2 13 6 3 4 48 2 42 2 3 4 48 3 40 2 3 2 24 22 19 4 5 0 32 6 27 3 3 
10 6720 3 56 6 49 120 3 1 32 5 30 210 3 1 32 8 29 210 3 2 32 17 26 210 5 2 56 2 47 120 3 2 40 4 32 168 3 4 64 24 59 105 5 2 32 4 29 210 3 1 16 2 13 420 3 1 48 3 45 140 3 
10 3360 1 56 2 47 60 3 1 56 7 52 60 3 2 40 7 36 84 3 3 40 5 35 84 3 0 32 10 31 105 5 0 56 10 52 60 3 0 56 14 52 60 5 5 56 2 45 60 3 0 56 2 51 60 3 1 24 2 19 140 3 
10 960 1 40 7 34 24 3 0 64 26 63 15 5 1 24 2 22 40 3 4 48 3 39 20 3 0 24 4 22 40 3 2 32 9 29 30 3 1 24 5 20 40 3 0 64 4 55 15 3 0 40 3 39 24 3 1 16 4 13 60 3 
10 960 2 32 2 26 30 3 1 32 7 25 30 3 0 32 2 31 30 3 3 48 2 39 20 3 0 40 6 38 24 3 0 64 4 51 15 3 3 48 4 44 20 3 2 40 12 35 24 5 1 16 3 12 60 3 1 40 3 32 24 3 
10 1680 0 48 6 46 35 3 0 48 4 47 35 3 1 16 17 14 105 5 5 48 3 39 35 3 2 24 15 20 70 5 4 56 14 51 30 3 0 48 12 47 35 3 2 40 3 33 42 3 0 40 2 38 42 3 0 48 7 47 35 3 
10 960 0 16 3 14 60 3 2 32 5 29 30 3 0 64 10 57 15 3 0 16 14 15 60 3 0 40 7 39 24 3 0 48 2 40 20 3 3 16 13 12 60 5 0 16 7 15 60 3 4 32 7 25 30 3 0 24 8 22 40 3 
10 6720 5 48 24 42 140 5 10 64 7 51 105 3 2 32 3 29 210 3 0 56 5 54 120 3 1 48 3 45 140 3 9 56 5 46 120 3 0 24 22 23 280 5 2 40 9 36 168 3 1 40 10 38 168 3 0 40 7 39 168 3 
10 3360 1 16 4 14 210 3 2 40 2 32 84 3 2 16 2 13 210 3 1 32 10 25 105 3 1 16 7 13 210 3 0 48 9 46 70 3 6 40 7 33 84 3 0 56 3 54 60 3 2 24 2 20 140 3 0 24 19 23 140 5 
10 192 0 32 2 31 6 3 1 32 10 27 6 3 0 24 2 23 8 3 0 16 7 12 12 3 1 32 16 27 6 5 0 24 2 23 8 3 1 32 3 25 6 3 4 32 17 25 6 5 4 64 6 57 3 3 0 32 7 27 6 3 
10 96 1 32 7 30 3 3 0 48 3 47 2 3 4 32 2 27 3 3 0 32 7 26 3 3 0 24 3 19 4 3 0 32 2 28 3 3 0 24 2 19 4 3 1 16 10 12 6 3 0 32 6 29 3 3 1 16 7 13 6 3 
10 1344 3 48 5 44 28 3 1 32 9 30 42 3 1 32 8 26 42 3 1 56 7 54 24 3 2 16 5 13 84 3 1 24 3 22 56 3 0 32 5 30 42 3 5 64 7 55 21 3 1 24 2 20 56 3 0 48 2 46 28 3 
10 1344 9 64 4 53 21 3 1 48 7 46 28 3 1 16 6 12 84 3 0 24 16 21 56 5 8 48 7 38 28 3 0 16 11 14 84 3 1 56 6 48 24 3 0 48 7 47 28 3 0 16 14 13 84 5 2 64 3 61 21 3 
10 960 1 24 7 20 40 3 0 64 8 60 15 3 7 64 10 52 15 5 1 48 4 45 20 3 0 48 9 41 20 3 0 32 3 30 30 3 3 32 3 28 30 3 1 40 2 33 24 3 0 24 3 23 40 3 8 64 6 53 15 3 
10 480 0 40 3 38 12 3 1 48 10 42 10 3 0 16 3 13 30 3 3 24 15 20 20 5 2 32 7 25 15 3 1 16 3 13 30 3 0 32 4 31 15 3 0 16 2 15 30 3 1 32 4 26 15 3 0 32 7 25 15 3 
10 6720 1 24 2 22 280 3 2 40 6 37 168 3 1 40 3 34 168 3 0 48 3 46 140 3 3 56 7 51 120 3 2 32 13 29 210 3 5 40 4 34 168 3 1 16 8 14 420 3 5 64 22 57 105 5 3 40 13 35 168 5 
10 6720 1 48 2 46 140 3 0 56 13 55 120 5 0 40 8 32 168 3 2 16 14 13 420 3 10 64 6 53 105 3 1 32 6 30 210 3 2 40 5 35 168 3 0 56 2 54 120 3 3 32 3 26 210 3 5 40 4 33 168 3 
10 6720 1 40 5 38 168 3 1 32 5 28 210 3 9 56 7 46 120 3 0 24 2 23 280 3 1 32 2 30 210 3 8 64 2 52 105 3 1 16 4 14 420 3 2 40 12 36 168 5 2 16 2 12 420 3 0 16 8 15 420 3 
10 1344 0 48 7 47 28 3 0 56 8 52 24 3 2 24 14 21 56 5 1 24 3 22 56 3 1 32 3 29 42 3 3 24 2 20 56 3 6 56 16 45 24 5 1 32 8 29 42 3 4 64 2 59 21 3 2 48 8 44 28 3 
10 960 0 32 19 26 30 5 0 16 2 15 60 3 0 48 4 47 20 3 3 64 2 59 15 3 1 32 3 30 30 3 0 64 12 58 15 3 0 32 7 28 30 3 3 24 4 20 40 3 2 64 5 59 15 3 1 40 5 38 24 3 
10 6720 6 56 9 45 120 3 0 16 4 12 420 3 1 40 13 38 168 5 1 64 3 61 105 3 0 56 7 44 120 3 0 32 10 31 210 3 1 32 13 29 210 5 0 48 8 46 140 3 6 64 3 53 105 3 2 56 7 46 120 3 
10 960 0 40 3 37 24 3 0 16 3 15 60 3 0 16 2 15 60 3 3 48 2 42 20 3 1 24 4 21 40 3 0 64 12 51 15 3 2 32 5 29 30 3 0 40 2 38 24 3 0 64 3 61 15 3 3 64 8 60 15 3 
10 1344 4 32 5 26 42 3 1 48 4 46 28 3 3 56 2 52 24 3 0 64 5 63 21 3 4 32 5 25 42 3 0 24 4 22 56 3 2 16 7 13 84 3 3 64 6 60 21 3 6 64 17 55 21 5 6 48 3 39 28 3 
10 1344 5 32 16 26 42 5 1 32 4 29 42 3 0 16 2 15 84 3 0 24 2 22 56 3 2 64 4 59 21 3 1 32 4 28 42 3 0 56 8 55 24 3 1 48 3 44 28 3 3 56 4 48 24 3 2 16 6 12 84 3 
10 192 0 64 9 63 3 3 0 48 7 42 4 3 6 48 2 39 4 3 1 24 4 21 8 3 0 64 3 62 3 3 6 48 3 41 4 3 2 32 11 27 6 3 1 16 3 12 12 3 0 24 18 23 8 5 0 48 7 46 4 3 
10 960 0 24 18 21 40 5 0 40 7 33 24 3 1 24 6 22 40 3 6 32 7 25 30 3 0 48 7 47 20 3 1 40 19 37 24 5 3 64 7 60 15 3 0 48 3 47 20 3 1 40 12 34 24 3 1 32 5 28 30 3 
10 1344 3 56 2 44 24 3 2 64 9 59 21 3 5 48 5 42 28 3 3 56 7 45 24 3 0 32 2 27 42 3 3 16 8 12 84 3 0 24 3 23 56 3 2 32 3 28 42 3 2 16 4 13 84 3 3 48 4 41 28 3 
10 448 0 16 10 14 28 5 2 64 4 57 7 3 0 56 2 54 8 3 0 16 14 15 28 3 1 56 2 53 8 3 5 56 10 47 8 3 1 56 3 54 8 3 1 16 6 13 28 3 2 16 5 13 28 3 0 64 3 63 7 3 
10 960 3 24 3 19 40 3 0 48 3 47 20 3 0 24 9 23 40 5 0 64 20 58 15 5 1 24 3 22 40 3 0 40 9 39 24 3 1 24 5 21 40 3 0 16 2 13 60 3 1 24 14 21 40 3 3 40 5 36 24 3 
10 6720 2 64 16 60 105 5 1 40 8 33 168 3 0 48 7 38 140 3 3 64 6 57 105 3 5 40 3 33 168 3 0 56 7 45 120 3 0 24 2 22 280 3 0 56 22 50 120 5 1 64 3 59 105 3 1 56 23 46 120 5 
10 6720 2 64 3 61 105 3 1 64 9 61 105 3 7 48 13 38 140 5 1 40 12 33 168 5 4 32 6 26 210 3 0 32 5 31 210 3 4 56 3 51 120 3 3 56 8 47 120 3 9 64 3 53 105 3 4 24 6 19 280 3 
10 960 1 32 4 30 30 3 0 16 2 15 60 3 2 32 5 27 30 3 1 40 6 36 24 3 0 32 3 31 30 3 0 24 11 19 40 3 2 64 2 56 15 3 0 24 3 21 40 3 0 32 7 28 30 3 1 24 8 22 40 3 
10 6720 5 48 3 41 140 3 4 56 9 49 120 5 1 16 4 12 420 3 0 40 7 37 168 3 2 64 3 59 105 3 0 16 5 15 420 3 2 64 10 60 105 3 0 24 10 23 280 3 0 32 13 25 210 5 0 48 12 47 140 5 
10 6720 0 64 8 61 105 3 0 40 7 38 168 3 7 48 4 40 140 3 1 64 9 52 105 3 3 48 2 42 140 3 0 32 12 27 210 5 0 16 3 14 420 3 6 64 5 52 105 3 1 48 2 42 140 3 1 56 10 54 120 3 
