10 0.205060
12 0.242882
8 0.293750
8 0.269345
7 0.338372
9 0.180093
8 0.242783
10 0.268274
9 0.326637
9 0.311260
6 0.274479
8 0.222731
9 0.194974
9 0.171627
8 0.283891
10 0.275134
7 0.373554
10 0.210298
8 0.278571
11 0.269913
8 0.368750
9 0.188856
8 0.360751
7 0.345004
10 0.230357
11 0.328747
10 0.253452
9 0.266204
8 0.349219
9 0.209325
8 0.160658
10 0.294821
9 0.306696
9 0.243667
11 0.239610
9 0.247569
8 0.314063
10 0.251250
10 0.265208
9 0.153390
8 0.263095
7 0.440901
8 0.284152
9 0.305456
10 0.275655
8 0.179985
10 0.352991
8 0.240997
11 0.333198
9 0.209259
10 0.284330
10 0.171012
9 0.237880
9 0.337748
10 0.260789
10 0.249583
9 0.275810
10 0.378795
9 0.208135
9 0.259623
9 0.284375
10 0.179360
9 0.251687
10 0.317708
9 0.185880
10 0.189598
11 0.308387
9 0.235764
10 0.171042
10 0.416771
9 0.210086
10 0.325655
10 0.233735
9 0.344329
9 0.313657
9 0.244130
9 0.348446
9 0.439153
10 0.260000
7 0.412691
8 0.205859
10 0.221562
10 0.229018
9 0.298760
10 0.163750
9 0.266931
9 0.279150
9 0.227265
9 0.261210
8 0.309245
9 0.375992
9 0.371412
9 0.234127
9 0.205771
10 0.282604
10 0.244375
9 0.242874
8 0.229018
9 0.234706
9 0.315427
