53.855 241
88.762 343
73.802 240
121.674 341
630.3109999999999 1996
659.235 1523
678.1819999999999 1733
723.063 2109
119.67899999999999 359
123.67 437
76.945 249
316.303 1033
690.299 2123
47.872 180
705.2610000000001 2053
707.255 2563
382.974 1264
384.96799999999996 1149
382.973 992
372.999 1069
96.741 329
657.239 1438
718.074 1667
851.717 2011
126.661 433
709.0999999999999 2136
372.003 1149
9.974 65
90.756 333
689.156 1709
693.1460000000001 1593
390.956 1089
723.0649999999999 1997
645.274 1793
650.2620000000001 1618
95.743 256
20.944 121
82.778 303
90.757 338
697.132 1508
697.131 1618
59.839000000000006 269
695.136 1996
87.764 411
699.1270000000001 2353
681.174 1849
711.095 2221
707.105 2046
55.849000000000004 197
85.76899999999999 307
251.326 684
700.124 1913
716.097 2033
755.992 1948
154.586 461
38.894999999999996 162
83.776 293
31.915 157
753.995 1667
684.166 2003
86.768 283
736.027 1514
752.981 2493
5.984 33
87.764 319
696.133 1381
759.967 1919
66.82100000000001 308
95.744 277
96.741 399
395.93899999999996 773
187.498 464
770.934 1913
13.962 67
6.981 37
126.661 423
424.861 1313
141.618 458
37.899 192
747.995 1619
97.739 249
72.80499999999999 279
125.663 377
706.1070000000001 1947
92.752 303
678.1819999999999 2521
683.169 1829
98.738 367
702.118 1718
9.972 56
28.922 158
78.789 267
138.62800000000001 447
140.624 433
91.754 343
89.76 339
634.299 1431
608.37 1653
713.0880000000001 1563
705.109 2108
